body:
  l: 0.03606089911004016
  w: 0.0335657274378426
  h: 0.006102479549661156
  m: 0.0062767052677894074
payload:
  l: 0.03838432440273057
  w: 0.023816859339232426
  h: 0.0070768000745466235
  m: 0.011730161186989083
arms:
  l: 0.03186274210023081
  w: 0.004925117851085423
  h: 0.003791035497312349
  m: 0.0006186316884703438
motors:
  h: 0.014114172356543832
  r: 0.004954090517124884
  m: 0.00019911121838799071
propellers:
  h: 0.0003473493979756195
  r: 0.018981731819806787
  m: 0.0010610363239981538
motor_pos:
  xyz: [0.0371103, 0.0300385, 0.]
arms_pos:
  angle: 0.0
  z: 0.0
payload_pos:
  xy: [0., 0.]
  z_sign: 0.9631780811491029